seed = 0
P2000-40000-0.dat,1328,1333,1321,1331,1334,1326,1322,1330,1327,1326,1333,1323,1328,1324,1322,1326,1325,1325,1328,1323,1330,1324,1324,1333,1334,1330,1336,1332,1330,1326,
P2000-40000-1.dat,1328,1329,1324,1330,1326,1329,1327,1332,1329,1326,1329,1322,1333,1327,1331,1326,1327,1331,1334,1332,1330,1324,1330,1328,1327,1332,1327,1330,1326,1333,
P2000-40000-2.dat,1328,1326,1338,1328,1327,1335,1337,1333,1325,1327,1334,1334,1329,1329,1328,1320,1330,1326,1329,1333,1323,1325,1324,1330,1332,1324,1330,1328,1332,1324,
P2000-60000-0.dat,1497,1502,1501,1502,1511,1502,1502,1504,1504,1499,1501,1506,1499,1505,1495,1505,1502,1503,1503,1499,1499,1497,1505,1505,1506,1498,1495,1508,1499,1501,
P2000-60000-1.dat,1497,1492,1495,1494,1493,1498,1502,1497,1502,1498,1495,1492,1490,1500,1500,1500,1494,1492,1495,1497,1493,1493,1495,1495,1490,1491,1499,1502,1490,1497,
P2000-60000-2.dat,1502,1507,1501,1493,1500,1492,1496,1501,1495,1499,1496,1495,1502,1498,1491,1502,1494,1490,1504,1505,1494,1502,1497,1507,1499,1494,1504,1498,1497,1501,
P2000-80000-0.dat,1598,1599,1599,1599,1602,1603,1598,1599,1599,1598,1599,1601,1594,1600,1601,1596,1598,1602,1606,1600,1603,1602,1600,1601,1601,1597,1600,1602,1595,1601,
P2000-80000-1.dat,1596,1601,1599,1595,1598,1599,1601,1604,1602,1596,1600,1604,1603,1597,1601,1605,1602,1600,1600,1597,1597,1598,1600,1603,1601,1598,1594,1597,1607,1599,
P2000-80000-2.dat,1592,1600,1603,1595,1597,1595,1597,1596,1599,1596,1602,1600,1602,1603,1603,1601,1595,1592,1601,1595,1597,1599,1599,1594,1594,1602,1602,1599,1604,1598,
