seed = 0
P5000-100000-0.dat,3337,3334,3332,3332,3327,3323,3339,3328,3325,3325,3331,3324,3326,3335,3319,3326,3331,3335,3339,3335,3324,3323,3323,3326,3326,3337,3331,3333,3321,3344,
P5000-100000-1.dat,3325,3331,3305,3333,3333,3324,3325,3330,3328,3322,3338,3319,3314,3323,3332,3319,3334,3331,3324,3315,3325,3319,3327,3329,3326,3327,3326,3318,3315,3305,
P5000-100000-2.dat,3330,3325,3337,3327,3326,3321,3331,3323,3321,3325,3332,3325,3343,3323,3339,3319,3325,3326,3334,3329,3327,3334,3325,3322,3325,3334,3337,3331,3341,3327,
P5000-150000-0.dat,3751,3750,3757,3742,3757,3748,3759,3759,3758,3768,3743,3747,3771,3752,3745,3760,3748,3746,3755,3759,3752,3755,3748,3748,3746,3758,3749,3760,3757,3742,
P5000-150000-1.dat,3750,3756,3755,3750,3763,3753,3744,3743,3751,3755,3756,3758,3751,3759,3759,3759,3755,3762,3756,3752,3755,3752,3753,3755,3753,3754,3746,3756,3760,3748,
P5000-150000-2.dat,3755,3747,3747,3744,3737,3747,3747,3759,3751,3763,3750,3759,3752,3751,3754,3751,3753,3751,3749,3748,3758,3755,3756,3749,3753,3751,3754,3757,3749,3751,
P5000-200000-0.dat,4001,4002,3998,4014,4000,4001,3999,3999,4008,4003,3999,3993,4000,4001,3998,4000,3997,3990,3992,3998,4000,4002,4005,4000,4000,3999,3999,3987,4002,4005,
P5000-200000-1.dat,3989,3989,4003,4008,4004,3995,3995,4010,4000,3990,3982,4004,4000,3998,3996,4002,3992,3997,4006,3993,3994,3999,4001,3997,3999,3999,3994,4006,3990,3995,
P5000-200000-2.dat,4006,4002,4005,4010,4002,4011,4000,3999,4008,4002,4008,4020,4005,4006,4009,4012,4000,4001,3998,3996,3993,4016,4007,4006,4001,4000,3998,3992,3996,4003,
