seed = 0
P3000-60000-0.dat,2001,2003,1999,1999,2010,1980,2004,2001,1996,1996,1997,2002,2006,1999,2006,1996,2007,1994,2002,2003,2002,2014,2002,2000,2004,1998,2008,2006,1988,1990,
P3000-60000-1.dat,1995,1995,2007,1994,1988,2003,1993,2007,2006,1999,1999,1998,2001,1997,2001,2010,2005,2001,2004,1994,2002,2002,1995,1996,2001,2001,2001,1999,2007,2003,
P3000-60000-2.dat,2013,2015,2009,2001,2015,2009,2006,2010,2019,2003,2002,2010,2001,2010,1998,2009,2012,2004,1998,2015,2008,2008,2002,2007,2010,2009,2007,2007,2007,2012,
P3000-90000-0.dat,2263,2258,2259,2269,2249,2260,2252,2258,2261,2261,2256,2255,2261,2250,2254,2250,2260,2256,2257,2253,2255,2262,2254,2251,2254,2256,2254,2260,2255,2249,
P3000-90000-1.dat,2255,2253,2254,2250,2249,2254,2253,2255,2253,2252,2252,2249,2254,2246,2255,2244,2248,2250,2255,2246,2249,2260,2248,2262,2253,2252,2245,2250,2249,2258,
P3000-90000-2.dat,2250,2256,2253,2245,2251,2260,2254,2251,2252,2257,2254,2258,2243,2252,2245,2245,2250,2248,2256,2240,2248,2251,2251,2259,2262,2249,2258,2258,2247,2258,
P3000-120000-0.dat,2398,2400,2405,2401,2406,2400,2407,2409,2400,2396,2407,2404,2397,2404,2413,2407,2411,2407,2407,2401,2410,2400,2403,2404,2403,2402,2402,2413,2407,2401,
P3000-120000-1.dat,2391,2402,2395,2409,2413,2399,2398,2403,2401,2407,2403,2407,2406,2401,2406,2404,2403,2397,2401,2398,2395,2407,2401,2401,2395,2406,2395,2404,2396,2400,
P3000-120000-2.dat,2400,2396,2414,2403,2409,2401,2399,2400,2398,2407,2404,2400,2398,2395,2400,2399,2405,2394,2401,2404,2395,2404,2397,2400,2407,2400,2397,2402,2401,2402,
