seed = 0
P4000-80000-0.dat,2651,2659,2645,2654,2653,2663,2655,2651,2656,2659,2651,2664,2663,2653,2657,2658,2651,2659,2652,2654,2669,2666,2659,2653,2657,2663,2644,2663,2645,2649,
P4000-80000-1.dat,2651,2650,2658,2653,2651,2664,2661,2656,2667,2648,2652,2645,2654,2660,2656,2653,2660,2650,2643,2654,2660,2654,2670,2645,2659,2652,2648,2646,2650,2658,
P4000-80000-2.dat,2670,2675,2659,2671,2664,2660,2666,2661,2668,2659,2663,2662,2667,2675,2662,2659,2667,2662,2662,2670,2661,2670,2674,2672,2671,2653,2667,2672,2671,2655,
P4000-120000-0.dat,2998,3000,2996,3003,2993,2992,3004,3000,2996,3007,3008,3009,3002,3002,2993,3003,3003,3001,3009,3000,3005,3006,3003,2999,3009,3001,2996,2998,3000,2996,
P4000-120000-1.dat,2991,3007,3012,2992,3009,3011,2991,3005,3009,3007,2996,2996,2999,3003,3004,3003,2999,2999,3001,3008,3003,3011,2999,2997,3002,2995,2999,3001,3004,3011,
P4000-120000-2.dat,2999,3000,2993,3002,2989,3003,3003,2999,2998,2997,3000,3001,2991,2996,2991,2999,3009,2999,2993,2998,3009,3000,3005,2998,3003,3008,2999,2994,2999,2990,
P4000-160000-0.dat,3201,3192,3203,3196,3202,3196,3200,3207,3192,3194,3200,3194,3199,3198,3203,3197,3204,3194,3201,3198,3199,3194,3200,3201,3191,3203,3195,3192,3205,3205,
P4000-160000-1.dat,3195,3200,3205,3202,3198,3200,3201,3203,3195,3201,3192,3197,3205,3198,3201,3190,3193,3199,3197,3190,3193,3193,3202,3206,3203,3192,3199,3197,3202,3182,
P4000-160000-2.dat,3198,3199,3196,3192,3196,3197,3211,3196,3195,3190,3197,3191,3194,3193,3193,3206,3194,3193,3198,3198,3196,3198,3196,3193,3196,3203,3191,3193,3196,3197,
